Month,Senior,Adult,Young Adult,Teen,Youth,Family,Other
January,10,8,7,15,20,25,15
February,10,9,7,15,20,24,15
March,11,9,7,15,20,24,14
April,11,9,7,15,20,24,14
May,12,9,7,15,20,24,13
June,12,9,9,18,22,23,7
July,10,8,9,18,22,23,10
August,10,8,9,18,22,22,11
September,9,7,7,17,21,24,15
October,9,8,7,15,20,24,17
November,10,8,7,15,20,25,15
December,10,9,7,15,20,22,17
