Time,Senior,Adult,Young Adult,Teen,Youth,Family,Other
0113,10,8,7,15,20,25,15
0213,10,9,7,15,20,24,15
0313,11,9,7,15,20,24,14
0413,11,9,7,15,20,24,14
0513,12,9,7,15,20,24,13
0613,12,9,9,18,22,23,7
0713,10,8,9,18,22,23,10
0813,10,8,9,18,22,22,11
0913,9,7,7,17,21,24,15
1013,9,8,7,15,20,24,17
1113,10,8,7,15,20,25,15
1213,10,9,7,15,20,22,17
