Year,Month,Senior,Adult,Young Adult,Teen,Youth,Family,Other
2013,01,10,8,7,15,20,25,15
2013,02,10,9,7,15,20,24,15
2013,03,11,9,7,15,20,24,14
2013,04,11,9,7,15,20,24,14
2013,05,12,9,7,15,20,24,13
2013,06,12,9,9,18,22,23,7
2013,07,10,8,9,18,22,23,10
2013,08,10,8,9,18,22,22,11
2013,09,9,7,7,17,21,24,15
2013,10,9,8,7,15,20,24,17
2013,11,10,8,7,15,20,25,15
2013,12,10,9,7,15,20,22,17
